{
 "cells": [
  {
   "cell_type": "code",
   "execution_count": 29,
   "id": "c9e386b5",
   "metadata": {},
   "outputs": [],
   "source": [
    "import numpy as np\n",
    "import pandas as pd\n",
    "import seaborn as sns\n",
    "import matplotlib.pyplot as plt\n",
    "from sklearn.ensemble import RandomForestRegressor\n",
    "from sklearn.linear_model import LinearRegression\n",
    "from sklearn.model_selection import train_test_split\n",
    "from sklearn.metrics import r2_score"
   ]
  },
  {
   "cell_type": "code",
   "execution_count": 30,
   "id": "eaa72716",
   "metadata": {},
   "outputs": [],
   "source": [
    "df = pd.read_csv('hourly_summary.csv',parse_dates=['device_time'])"
   ]
  },
  {
   "cell_type": "code",
   "execution_count": 31,
   "id": "d4bc31db",
   "metadata": {},
   "outputs": [
    {
     "name": "stdout",
     "output_type": "stream",
     "text": [
      "<class 'pandas.core.frame.DataFrame'>\n",
      "RangeIndex: 979 entries, 0 to 978\n",
      "Data columns (total 13 columns):\n",
      " #   Column          Non-Null Count  Dtype         \n",
      "---  ------          --------------  -----         \n",
      " 0   device_time     979 non-null    datetime64[ns]\n",
      " 1   humidity        979 non-null    float64       \n",
      " 2   temperature     979 non-null    float64       \n",
      " 3   hour            979 non-null    int64         \n",
      " 4   Temp_MA_2       978 non-null    float64       \n",
      " 5   Humidity_MA_2   978 non-null    float64       \n",
      " 6   Temp_rate       977 non-null    float64       \n",
      " 7   Humidity_rate   977 non-null    float64       \n",
      " 8   Temp_phase      979 non-null    object        \n",
      " 9   Humidity_phase  979 non-null    object        \n",
      " 10  daytime_labels  979 non-null    object        \n",
      " 11  Temp_group      979 non-null    int64         \n",
      " 12  Humidity_group  979 non-null    int64         \n",
      "dtypes: datetime64[ns](1), float64(6), int64(3), object(3)\n",
      "memory usage: 99.6+ KB\n"
     ]
    }
   ],
   "source": [
    "df.info()"
   ]
  },
  {
   "cell_type": "code",
   "execution_count": 32,
   "id": "ad79585d",
   "metadata": {},
   "outputs": [
    {
     "data": {
      "text/html": [
       "<div>\n",
       "<style scoped>\n",
       "    .dataframe tbody tr th:only-of-type {\n",
       "        vertical-align: middle;\n",
       "    }\n",
       "\n",
       "    .dataframe tbody tr th {\n",
       "        vertical-align: top;\n",
       "    }\n",
       "\n",
       "    .dataframe thead th {\n",
       "        text-align: right;\n",
       "    }\n",
       "</style>\n",
       "<table border=\"1\" class=\"dataframe\">\n",
       "  <thead>\n",
       "    <tr style=\"text-align: right;\">\n",
       "      <th></th>\n",
       "      <th>device_time</th>\n",
       "      <th>humidity</th>\n",
       "      <th>temperature</th>\n",
       "      <th>hour</th>\n",
       "      <th>Temp_MA_2</th>\n",
       "      <th>Humidity_MA_2</th>\n",
       "      <th>Temp_rate</th>\n",
       "      <th>Humidity_rate</th>\n",
       "      <th>Temp_phase</th>\n",
       "      <th>Humidity_phase</th>\n",
       "      <th>daytime_labels</th>\n",
       "      <th>Temp_group</th>\n",
       "      <th>Humidity_group</th>\n",
       "    </tr>\n",
       "  </thead>\n",
       "  <tbody>\n",
       "    <tr>\n",
       "      <th>0</th>\n",
       "      <td>2025-10-05 00:00:00</td>\n",
       "      <td>81.0</td>\n",
       "      <td>27.0</td>\n",
       "      <td>0</td>\n",
       "      <td>NaN</td>\n",
       "      <td>NaN</td>\n",
       "      <td>NaN</td>\n",
       "      <td>NaN</td>\n",
       "      <td>Neutral</td>\n",
       "      <td>Moderate</td>\n",
       "      <td>late night</td>\n",
       "      <td>1</td>\n",
       "      <td>1</td>\n",
       "    </tr>\n",
       "    <tr>\n",
       "      <th>1</th>\n",
       "      <td>2025-10-05 01:00:00</td>\n",
       "      <td>81.3</td>\n",
       "      <td>27.0</td>\n",
       "      <td>1</td>\n",
       "      <td>27.0</td>\n",
       "      <td>81.15</td>\n",
       "      <td>NaN</td>\n",
       "      <td>NaN</td>\n",
       "      <td>Neutral</td>\n",
       "      <td>Moderate</td>\n",
       "      <td>late night</td>\n",
       "      <td>1</td>\n",
       "      <td>1</td>\n",
       "    </tr>\n",
       "    <tr>\n",
       "      <th>2</th>\n",
       "      <td>2025-10-05 02:00:00</td>\n",
       "      <td>81.6</td>\n",
       "      <td>27.0</td>\n",
       "      <td>2</td>\n",
       "      <td>27.0</td>\n",
       "      <td>81.45</td>\n",
       "      <td>0.0</td>\n",
       "      <td>0.30</td>\n",
       "      <td>Neutral</td>\n",
       "      <td>Moistening</td>\n",
       "      <td>late night</td>\n",
       "      <td>1</td>\n",
       "      <td>2</td>\n",
       "    </tr>\n",
       "    <tr>\n",
       "      <th>3</th>\n",
       "      <td>2025-10-05 03:00:00</td>\n",
       "      <td>81.8</td>\n",
       "      <td>27.0</td>\n",
       "      <td>3</td>\n",
       "      <td>27.0</td>\n",
       "      <td>81.70</td>\n",
       "      <td>0.0</td>\n",
       "      <td>0.25</td>\n",
       "      <td>Neutral</td>\n",
       "      <td>Moistening</td>\n",
       "      <td>late night</td>\n",
       "      <td>1</td>\n",
       "      <td>2</td>\n",
       "    </tr>\n",
       "    <tr>\n",
       "      <th>4</th>\n",
       "      <td>2025-10-05 04:00:00</td>\n",
       "      <td>82.0</td>\n",
       "      <td>27.0</td>\n",
       "      <td>4</td>\n",
       "      <td>27.0</td>\n",
       "      <td>81.90</td>\n",
       "      <td>0.0</td>\n",
       "      <td>0.20</td>\n",
       "      <td>Neutral</td>\n",
       "      <td>Moistening</td>\n",
       "      <td>early morning</td>\n",
       "      <td>1</td>\n",
       "      <td>2</td>\n",
       "    </tr>\n",
       "  </tbody>\n",
       "</table>\n",
       "</div>"
      ],
      "text/plain": [
       "          device_time  humidity  temperature  hour  Temp_MA_2  Humidity_MA_2  \\\n",
       "0 2025-10-05 00:00:00      81.0         27.0     0        NaN            NaN   \n",
       "1 2025-10-05 01:00:00      81.3         27.0     1       27.0          81.15   \n",
       "2 2025-10-05 02:00:00      81.6         27.0     2       27.0          81.45   \n",
       "3 2025-10-05 03:00:00      81.8         27.0     3       27.0          81.70   \n",
       "4 2025-10-05 04:00:00      82.0         27.0     4       27.0          81.90   \n",
       "\n",
       "   Temp_rate  Humidity_rate Temp_phase Humidity_phase daytime_labels  \\\n",
       "0        NaN            NaN    Neutral       Moderate     late night   \n",
       "1        NaN            NaN    Neutral       Moderate     late night   \n",
       "2        0.0           0.30    Neutral     Moistening     late night   \n",
       "3        0.0           0.25    Neutral     Moistening     late night   \n",
       "4        0.0           0.20    Neutral     Moistening  early morning   \n",
       "\n",
       "   Temp_group  Humidity_group  \n",
       "0           1               1  \n",
       "1           1               1  \n",
       "2           1               2  \n",
       "3           1               2  \n",
       "4           1               2  "
      ]
     },
     "execution_count": 32,
     "metadata": {},
     "output_type": "execute_result"
    }
   ],
   "source": [
    "df.head()"
   ]
  },
  {
   "cell_type": "code",
   "execution_count": 33,
   "id": "81f99625",
   "metadata": {},
   "outputs": [
    {
     "data": {
      "text/html": [
       "<div>\n",
       "<style scoped>\n",
       "    .dataframe tbody tr th:only-of-type {\n",
       "        vertical-align: middle;\n",
       "    }\n",
       "\n",
       "    .dataframe tbody tr th {\n",
       "        vertical-align: top;\n",
       "    }\n",
       "\n",
       "    .dataframe thead th {\n",
       "        text-align: right;\n",
       "    }\n",
       "</style>\n",
       "<table border=\"1\" class=\"dataframe\">\n",
       "  <thead>\n",
       "    <tr style=\"text-align: right;\">\n",
       "      <th></th>\n",
       "      <th>device_time</th>\n",
       "      <th>humidity</th>\n",
       "      <th>temperature</th>\n",
       "      <th>hour</th>\n",
       "      <th>Temp_MA_2</th>\n",
       "      <th>Humidity_MA_2</th>\n",
       "      <th>Temp_rate</th>\n",
       "      <th>Humidity_rate</th>\n",
       "      <th>Temp_phase</th>\n",
       "      <th>Humidity_phase</th>\n",
       "      <th>daytime_labels</th>\n",
       "      <th>Temp_group</th>\n",
       "      <th>Humidity_group</th>\n",
       "    </tr>\n",
       "  </thead>\n",
       "  <tbody>\n",
       "    <tr>\n",
       "      <th>0</th>\n",
       "      <td>2025-10-05 00:00:00</td>\n",
       "      <td>81.0</td>\n",
       "      <td>27.0</td>\n",
       "      <td>0</td>\n",
       "      <td>NaN</td>\n",
       "      <td>NaN</td>\n",
       "      <td>NaN</td>\n",
       "      <td>NaN</td>\n",
       "      <td>Neutral</td>\n",
       "      <td>Moderate</td>\n",
       "      <td>late night</td>\n",
       "      <td>1</td>\n",
       "      <td>1</td>\n",
       "    </tr>\n",
       "    <tr>\n",
       "      <th>1</th>\n",
       "      <td>2025-10-05 01:00:00</td>\n",
       "      <td>81.3</td>\n",
       "      <td>27.0</td>\n",
       "      <td>1</td>\n",
       "      <td>27.0</td>\n",
       "      <td>81.15</td>\n",
       "      <td>NaN</td>\n",
       "      <td>NaN</td>\n",
       "      <td>Neutral</td>\n",
       "      <td>Moderate</td>\n",
       "      <td>late night</td>\n",
       "      <td>1</td>\n",
       "      <td>1</td>\n",
       "    </tr>\n",
       "    <tr>\n",
       "      <th>2</th>\n",
       "      <td>2025-10-05 02:00:00</td>\n",
       "      <td>81.6</td>\n",
       "      <td>27.0</td>\n",
       "      <td>2</td>\n",
       "      <td>27.0</td>\n",
       "      <td>81.45</td>\n",
       "      <td>0.0</td>\n",
       "      <td>0.30</td>\n",
       "      <td>Neutral</td>\n",
       "      <td>Moistening</td>\n",
       "      <td>late night</td>\n",
       "      <td>1</td>\n",
       "      <td>2</td>\n",
       "    </tr>\n",
       "    <tr>\n",
       "      <th>3</th>\n",
       "      <td>2025-10-05 03:00:00</td>\n",
       "      <td>81.8</td>\n",
       "      <td>27.0</td>\n",
       "      <td>3</td>\n",
       "      <td>27.0</td>\n",
       "      <td>81.70</td>\n",
       "      <td>0.0</td>\n",
       "      <td>0.25</td>\n",
       "      <td>Neutral</td>\n",
       "      <td>Moistening</td>\n",
       "      <td>late night</td>\n",
       "      <td>1</td>\n",
       "      <td>2</td>\n",
       "    </tr>\n",
       "    <tr>\n",
       "      <th>4</th>\n",
       "      <td>2025-10-05 04:00:00</td>\n",
       "      <td>82.0</td>\n",
       "      <td>27.0</td>\n",
       "      <td>4</td>\n",
       "      <td>27.0</td>\n",
       "      <td>81.90</td>\n",
       "      <td>0.0</td>\n",
       "      <td>0.20</td>\n",
       "      <td>Neutral</td>\n",
       "      <td>Moistening</td>\n",
       "      <td>early morning</td>\n",
       "      <td>1</td>\n",
       "      <td>2</td>\n",
       "    </tr>\n",
       "  </tbody>\n",
       "</table>\n",
       "</div>"
      ],
      "text/plain": [
       "          device_time  humidity  temperature  hour  Temp_MA_2  Humidity_MA_2  \\\n",
       "0 2025-10-05 00:00:00      81.0         27.0     0        NaN            NaN   \n",
       "1 2025-10-05 01:00:00      81.3         27.0     1       27.0          81.15   \n",
       "2 2025-10-05 02:00:00      81.6         27.0     2       27.0          81.45   \n",
       "3 2025-10-05 03:00:00      81.8         27.0     3       27.0          81.70   \n",
       "4 2025-10-05 04:00:00      82.0         27.0     4       27.0          81.90   \n",
       "\n",
       "   Temp_rate  Humidity_rate Temp_phase Humidity_phase daytime_labels  \\\n",
       "0        NaN            NaN    Neutral       Moderate     late night   \n",
       "1        NaN            NaN    Neutral       Moderate     late night   \n",
       "2        0.0           0.30    Neutral     Moistening     late night   \n",
       "3        0.0           0.25    Neutral     Moistening     late night   \n",
       "4        0.0           0.20    Neutral     Moistening  early morning   \n",
       "\n",
       "   Temp_group  Humidity_group  \n",
       "0           1               1  \n",
       "1           1               1  \n",
       "2           1               2  \n",
       "3           1               2  \n",
       "4           1               2  "
      ]
     },
     "execution_count": 33,
     "metadata": {},
     "output_type": "execute_result"
    }
   ],
   "source": [
    "df.head()"
   ]
  },
  {
   "cell_type": "code",
   "execution_count": 34,
   "id": "6120cff8",
   "metadata": {},
   "outputs": [
    {
     "data": {
      "text/html": [
       "<div>\n",
       "<style scoped>\n",
       "    .dataframe tbody tr th:only-of-type {\n",
       "        vertical-align: middle;\n",
       "    }\n",
       "\n",
       "    .dataframe tbody tr th {\n",
       "        vertical-align: top;\n",
       "    }\n",
       "\n",
       "    .dataframe thead th {\n",
       "        text-align: right;\n",
       "    }\n",
       "</style>\n",
       "<table border=\"1\" class=\"dataframe\">\n",
       "  <thead>\n",
       "    <tr style=\"text-align: right;\">\n",
       "      <th></th>\n",
       "      <th>humidity</th>\n",
       "      <th>temperature</th>\n",
       "      <th>hour</th>\n",
       "      <th>Temp_MA_2</th>\n",
       "      <th>Humidity_MA_2</th>\n",
       "      <th>Temp_rate</th>\n",
       "      <th>Humidity_rate</th>\n",
       "      <th>Temp_group</th>\n",
       "      <th>Humidity_group</th>\n",
       "    </tr>\n",
       "  </thead>\n",
       "  <tbody>\n",
       "    <tr>\n",
       "      <th>humidity</th>\n",
       "      <td>1.000000</td>\n",
       "      <td>0.309314</td>\n",
       "      <td>-0.048009</td>\n",
       "      <td>0.298303</td>\n",
       "      <td>0.986076</td>\n",
       "      <td>0.093465</td>\n",
       "      <td>0.249452</td>\n",
       "      <td>-0.660722</td>\n",
       "      <td>-0.654228</td>\n",
       "    </tr>\n",
       "    <tr>\n",
       "      <th>temperature</th>\n",
       "      <td>0.309314</td>\n",
       "      <td>1.000000</td>\n",
       "      <td>-0.114363</td>\n",
       "      <td>0.987562</td>\n",
       "      <td>0.322210</td>\n",
       "      <td>0.247131</td>\n",
       "      <td>-0.021284</td>\n",
       "      <td>-0.308579</td>\n",
       "      <td>-0.296759</td>\n",
       "    </tr>\n",
       "    <tr>\n",
       "      <th>hour</th>\n",
       "      <td>-0.048009</td>\n",
       "      <td>-0.114363</td>\n",
       "      <td>1.000000</td>\n",
       "      <td>-0.119148</td>\n",
       "      <td>-0.059492</td>\n",
       "      <td>0.006026</td>\n",
       "      <td>0.126837</td>\n",
       "      <td>0.011421</td>\n",
       "      <td>0.011467</td>\n",
       "    </tr>\n",
       "    <tr>\n",
       "      <th>Temp_MA_2</th>\n",
       "      <td>0.298303</td>\n",
       "      <td>0.987562</td>\n",
       "      <td>-0.119148</td>\n",
       "      <td>1.000000</td>\n",
       "      <td>0.314090</td>\n",
       "      <td>0.125654</td>\n",
       "      <td>-0.056874</td>\n",
       "      <td>-0.312472</td>\n",
       "      <td>-0.300460</td>\n",
       "    </tr>\n",
       "    <tr>\n",
       "      <th>Humidity_MA_2</th>\n",
       "      <td>0.986076</td>\n",
       "      <td>0.322210</td>\n",
       "      <td>-0.059492</td>\n",
       "      <td>0.314090</td>\n",
       "      <td>1.000000</td>\n",
       "      <td>0.096297</td>\n",
       "      <td>0.131689</td>\n",
       "      <td>-0.668945</td>\n",
       "      <td>-0.662391</td>\n",
       "    </tr>\n",
       "    <tr>\n",
       "      <th>Temp_rate</th>\n",
       "      <td>0.093465</td>\n",
       "      <td>0.247131</td>\n",
       "      <td>0.006026</td>\n",
       "      <td>0.125654</td>\n",
       "      <td>0.096297</td>\n",
       "      <td>1.000000</td>\n",
       "      <td>0.135970</td>\n",
       "      <td>-0.003677</td>\n",
       "      <td>-0.003898</td>\n",
       "    </tr>\n",
       "    <tr>\n",
       "      <th>Humidity_rate</th>\n",
       "      <td>0.249452</td>\n",
       "      <td>-0.021284</td>\n",
       "      <td>0.126837</td>\n",
       "      <td>-0.056874</td>\n",
       "      <td>0.131689</td>\n",
       "      <td>0.135970</td>\n",
       "      <td>1.000000</td>\n",
       "      <td>-0.009614</td>\n",
       "      <td>-0.009149</td>\n",
       "    </tr>\n",
       "    <tr>\n",
       "      <th>Temp_group</th>\n",
       "      <td>-0.660722</td>\n",
       "      <td>-0.308579</td>\n",
       "      <td>0.011421</td>\n",
       "      <td>-0.312472</td>\n",
       "      <td>-0.668945</td>\n",
       "      <td>-0.003677</td>\n",
       "      <td>-0.009614</td>\n",
       "      <td>1.000000</td>\n",
       "      <td>0.999079</td>\n",
       "    </tr>\n",
       "    <tr>\n",
       "      <th>Humidity_group</th>\n",
       "      <td>-0.654228</td>\n",
       "      <td>-0.296759</td>\n",
       "      <td>0.011467</td>\n",
       "      <td>-0.300460</td>\n",
       "      <td>-0.662391</td>\n",
       "      <td>-0.003898</td>\n",
       "      <td>-0.009149</td>\n",
       "      <td>0.999079</td>\n",
       "      <td>1.000000</td>\n",
       "    </tr>\n",
       "  </tbody>\n",
       "</table>\n",
       "</div>"
      ],
      "text/plain": [
       "                humidity  temperature      hour  Temp_MA_2  Humidity_MA_2  \\\n",
       "humidity        1.000000     0.309314 -0.048009   0.298303       0.986076   \n",
       "temperature     0.309314     1.000000 -0.114363   0.987562       0.322210   \n",
       "hour           -0.048009    -0.114363  1.000000  -0.119148      -0.059492   \n",
       "Temp_MA_2       0.298303     0.987562 -0.119148   1.000000       0.314090   \n",
       "Humidity_MA_2   0.986076     0.322210 -0.059492   0.314090       1.000000   \n",
       "Temp_rate       0.093465     0.247131  0.006026   0.125654       0.096297   \n",
       "Humidity_rate   0.249452    -0.021284  0.126837  -0.056874       0.131689   \n",
       "Temp_group     -0.660722    -0.308579  0.011421  -0.312472      -0.668945   \n",
       "Humidity_group -0.654228    -0.296759  0.011467  -0.300460      -0.662391   \n",
       "\n",
       "                Temp_rate  Humidity_rate  Temp_group  Humidity_group  \n",
       "humidity         0.093465       0.249452   -0.660722       -0.654228  \n",
       "temperature      0.247131      -0.021284   -0.308579       -0.296759  \n",
       "hour             0.006026       0.126837    0.011421        0.011467  \n",
       "Temp_MA_2        0.125654      -0.056874   -0.312472       -0.300460  \n",
       "Humidity_MA_2    0.096297       0.131689   -0.668945       -0.662391  \n",
       "Temp_rate        1.000000       0.135970   -0.003677       -0.003898  \n",
       "Humidity_rate    0.135970       1.000000   -0.009614       -0.009149  \n",
       "Temp_group      -0.003677      -0.009614    1.000000        0.999079  \n",
       "Humidity_group  -0.003898      -0.009149    0.999079        1.000000  "
      ]
     },
     "execution_count": 34,
     "metadata": {},
     "output_type": "execute_result"
    }
   ],
   "source": [
    "df.corr(numeric_only=True)"
   ]
  },
  {
   "cell_type": "markdown",
   "id": "9c628dad",
   "metadata": {},
   "source": [
    "# Computing Previous (Hour) Features"
   ]
  },
  {
   "cell_type": "code",
   "execution_count": 35,
   "id": "b567f2b2",
   "metadata": {},
   "outputs": [],
   "source": [
    "df[\"humidity_lag1\"] = df[\"humidity\"].shift(1)\n",
    "df[\"humidity_lag2\"] = df[\"humidity\"].shift(2)\n",
    "df[\"humidity_lag3\"] = df[\"humidity\"].shift(3)\n",
    "df['humidity_rate_lag1'] = df['Humidity_rate'].shift(1)\n",
    "df[\"temp_lag1\"] = df[\"temperature\"].shift(1)"
   ]
  },
  {
   "cell_type": "code",
   "execution_count": 36,
   "id": "bd4c775a",
   "metadata": {},
   "outputs": [
    {
     "data": {
      "text/html": [
       "<div>\n",
       "<style scoped>\n",
       "    .dataframe tbody tr th:only-of-type {\n",
       "        vertical-align: middle;\n",
       "    }\n",
       "\n",
       "    .dataframe tbody tr th {\n",
       "        vertical-align: top;\n",
       "    }\n",
       "\n",
       "    .dataframe thead th {\n",
       "        text-align: right;\n",
       "    }\n",
       "</style>\n",
       "<table border=\"1\" class=\"dataframe\">\n",
       "  <thead>\n",
       "    <tr style=\"text-align: right;\">\n",
       "      <th></th>\n",
       "      <th>humidity</th>\n",
       "      <th>temperature</th>\n",
       "      <th>hour</th>\n",
       "      <th>Temp_MA_2</th>\n",
       "      <th>Humidity_MA_2</th>\n",
       "      <th>Temp_rate</th>\n",
       "      <th>Humidity_rate</th>\n",
       "      <th>Temp_group</th>\n",
       "      <th>Humidity_group</th>\n",
       "      <th>humidity_lag1</th>\n",
       "      <th>humidity_lag2</th>\n",
       "      <th>humidity_lag3</th>\n",
       "      <th>humidity_rate_lag1</th>\n",
       "      <th>temp_lag1</th>\n",
       "    </tr>\n",
       "  </thead>\n",
       "  <tbody>\n",
       "    <tr>\n",
       "      <th>humidity</th>\n",
       "      <td>1.000000</td>\n",
       "      <td>0.309314</td>\n",
       "      <td>-0.048009</td>\n",
       "      <td>0.298303</td>\n",
       "      <td>0.986076</td>\n",
       "      <td>0.093465</td>\n",
       "      <td>0.249452</td>\n",
       "      <td>-0.660722</td>\n",
       "      <td>-0.654228</td>\n",
       "      <td>0.944559</td>\n",
       "      <td>0.884722</td>\n",
       "      <td>0.838291</td>\n",
       "      <td>0.229514</td>\n",
       "      <td>0.279536</td>\n",
       "    </tr>\n",
       "    <tr>\n",
       "      <th>temperature</th>\n",
       "      <td>0.309314</td>\n",
       "      <td>1.000000</td>\n",
       "      <td>-0.114363</td>\n",
       "      <td>0.987562</td>\n",
       "      <td>0.322210</td>\n",
       "      <td>0.247131</td>\n",
       "      <td>-0.021284</td>\n",
       "      <td>-0.308579</td>\n",
       "      <td>-0.296759</td>\n",
       "      <td>0.325802</td>\n",
       "      <td>0.321718</td>\n",
       "      <td>0.312185</td>\n",
       "      <td>0.033104</td>\n",
       "      <td>0.950545</td>\n",
       "    </tr>\n",
       "    <tr>\n",
       "      <th>hour</th>\n",
       "      <td>-0.048009</td>\n",
       "      <td>-0.114363</td>\n",
       "      <td>1.000000</td>\n",
       "      <td>-0.119148</td>\n",
       "      <td>-0.059492</td>\n",
       "      <td>0.006026</td>\n",
       "      <td>0.126837</td>\n",
       "      <td>0.011421</td>\n",
       "      <td>0.011467</td>\n",
       "      <td>-0.071498</td>\n",
       "      <td>-0.105089</td>\n",
       "      <td>-0.133863</td>\n",
       "      <td>0.136079</td>\n",
       "      <td>-0.120755</td>\n",
       "    </tr>\n",
       "    <tr>\n",
       "      <th>Temp_MA_2</th>\n",
       "      <td>0.298303</td>\n",
       "      <td>0.987562</td>\n",
       "      <td>-0.119148</td>\n",
       "      <td>1.000000</td>\n",
       "      <td>0.314090</td>\n",
       "      <td>0.125654</td>\n",
       "      <td>-0.056874</td>\n",
       "      <td>-0.312472</td>\n",
       "      <td>-0.300460</td>\n",
       "      <td>0.321136</td>\n",
       "      <td>0.327445</td>\n",
       "      <td>0.320549</td>\n",
       "      <td>0.006069</td>\n",
       "      <td>0.987555</td>\n",
       "    </tr>\n",
       "    <tr>\n",
       "      <th>Humidity_MA_2</th>\n",
       "      <td>0.986076</td>\n",
       "      <td>0.322210</td>\n",
       "      <td>-0.059492</td>\n",
       "      <td>0.314090</td>\n",
       "      <td>1.000000</td>\n",
       "      <td>0.096297</td>\n",
       "      <td>0.131689</td>\n",
       "      <td>-0.668945</td>\n",
       "      <td>-0.662391</td>\n",
       "      <td>0.986008</td>\n",
       "      <td>0.927388</td>\n",
       "      <td>0.873314</td>\n",
       "      <td>0.243591</td>\n",
       "      <td>0.298150</td>\n",
       "    </tr>\n",
       "    <tr>\n",
       "      <th>Temp_rate</th>\n",
       "      <td>0.093465</td>\n",
       "      <td>0.247131</td>\n",
       "      <td>0.006026</td>\n",
       "      <td>0.125654</td>\n",
       "      <td>0.096297</td>\n",
       "      <td>1.000000</td>\n",
       "      <td>0.135970</td>\n",
       "      <td>-0.003677</td>\n",
       "      <td>-0.003898</td>\n",
       "      <td>0.096438</td>\n",
       "      <td>0.028466</td>\n",
       "      <td>-0.024675</td>\n",
       "      <td>0.251911</td>\n",
       "      <td>0.001016</td>\n",
       "    </tr>\n",
       "    <tr>\n",
       "      <th>Humidity_rate</th>\n",
       "      <td>0.249452</td>\n",
       "      <td>-0.021284</td>\n",
       "      <td>0.126837</td>\n",
       "      <td>-0.056874</td>\n",
       "      <td>0.131689</td>\n",
       "      <td>0.135970</td>\n",
       "      <td>1.000000</td>\n",
       "      <td>-0.009614</td>\n",
       "      <td>-0.009149</td>\n",
       "      <td>0.009957</td>\n",
       "      <td>-0.230689</td>\n",
       "      <td>-0.210833</td>\n",
       "      <td>0.456718</td>\n",
       "      <td>-0.091058</td>\n",
       "    </tr>\n",
       "    <tr>\n",
       "      <th>Temp_group</th>\n",
       "      <td>-0.660722</td>\n",
       "      <td>-0.308579</td>\n",
       "      <td>0.011421</td>\n",
       "      <td>-0.312472</td>\n",
       "      <td>-0.668945</td>\n",
       "      <td>-0.003677</td>\n",
       "      <td>-0.009614</td>\n",
       "      <td>1.000000</td>\n",
       "      <td>0.999079</td>\n",
       "      <td>-0.659220</td>\n",
       "      <td>-0.657773</td>\n",
       "      <td>-0.656313</td>\n",
       "      <td>-0.009882</td>\n",
       "      <td>-0.308126</td>\n",
       "    </tr>\n",
       "    <tr>\n",
       "      <th>Humidity_group</th>\n",
       "      <td>-0.654228</td>\n",
       "      <td>-0.296759</td>\n",
       "      <td>0.011467</td>\n",
       "      <td>-0.300460</td>\n",
       "      <td>-0.662391</td>\n",
       "      <td>-0.003898</td>\n",
       "      <td>-0.009149</td>\n",
       "      <td>0.999079</td>\n",
       "      <td>1.000000</td>\n",
       "      <td>-0.652816</td>\n",
       "      <td>-0.651415</td>\n",
       "      <td>-0.649847</td>\n",
       "      <td>-0.009834</td>\n",
       "      <td>-0.296213</td>\n",
       "    </tr>\n",
       "    <tr>\n",
       "      <th>humidity_lag1</th>\n",
       "      <td>0.944559</td>\n",
       "      <td>0.325802</td>\n",
       "      <td>-0.071498</td>\n",
       "      <td>0.321136</td>\n",
       "      <td>0.986008</td>\n",
       "      <td>0.096438</td>\n",
       "      <td>0.009957</td>\n",
       "      <td>-0.659220</td>\n",
       "      <td>-0.652816</td>\n",
       "      <td>1.000000</td>\n",
       "      <td>0.944188</td>\n",
       "      <td>0.883916</td>\n",
       "      <td>0.250865</td>\n",
       "      <td>0.308477</td>\n",
       "    </tr>\n",
       "    <tr>\n",
       "      <th>humidity_lag2</th>\n",
       "      <td>0.884722</td>\n",
       "      <td>0.321718</td>\n",
       "      <td>-0.105089</td>\n",
       "      <td>0.327445</td>\n",
       "      <td>0.927388</td>\n",
       "      <td>0.028466</td>\n",
       "      <td>-0.230689</td>\n",
       "      <td>-0.657773</td>\n",
       "      <td>-0.651415</td>\n",
       "      <td>0.944188</td>\n",
       "      <td>1.000000</td>\n",
       "      <td>0.943804</td>\n",
       "      <td>0.010557</td>\n",
       "      <td>0.325024</td>\n",
       "    </tr>\n",
       "    <tr>\n",
       "      <th>humidity_lag3</th>\n",
       "      <td>0.838291</td>\n",
       "      <td>0.312185</td>\n",
       "      <td>-0.133863</td>\n",
       "      <td>0.320549</td>\n",
       "      <td>0.873314</td>\n",
       "      <td>-0.024675</td>\n",
       "      <td>-0.210833</td>\n",
       "      <td>-0.656313</td>\n",
       "      <td>-0.649847</td>\n",
       "      <td>0.883916</td>\n",
       "      <td>0.943804</td>\n",
       "      <td>1.000000</td>\n",
       "      <td>-0.230946</td>\n",
       "      <td>0.320938</td>\n",
       "    </tr>\n",
       "    <tr>\n",
       "      <th>humidity_rate_lag1</th>\n",
       "      <td>0.229514</td>\n",
       "      <td>0.033104</td>\n",
       "      <td>0.136079</td>\n",
       "      <td>0.006069</td>\n",
       "      <td>0.243591</td>\n",
       "      <td>0.251911</td>\n",
       "      <td>0.456718</td>\n",
       "      <td>-0.009882</td>\n",
       "      <td>-0.009834</td>\n",
       "      <td>0.250865</td>\n",
       "      <td>0.010557</td>\n",
       "      <td>-0.230946</td>\n",
       "      <td>1.000000</td>\n",
       "      <td>-0.021124</td>\n",
       "    </tr>\n",
       "    <tr>\n",
       "      <th>temp_lag1</th>\n",
       "      <td>0.279536</td>\n",
       "      <td>0.950545</td>\n",
       "      <td>-0.120755</td>\n",
       "      <td>0.987555</td>\n",
       "      <td>0.298150</td>\n",
       "      <td>0.001016</td>\n",
       "      <td>-0.091058</td>\n",
       "      <td>-0.308126</td>\n",
       "      <td>-0.296213</td>\n",
       "      <td>0.308477</td>\n",
       "      <td>0.325024</td>\n",
       "      <td>0.320938</td>\n",
       "      <td>-0.021124</td>\n",
       "      <td>1.000000</td>\n",
       "    </tr>\n",
       "  </tbody>\n",
       "</table>\n",
       "</div>"
      ],
      "text/plain": [
       "                    humidity  temperature      hour  Temp_MA_2  Humidity_MA_2  \\\n",
       "humidity            1.000000     0.309314 -0.048009   0.298303       0.986076   \n",
       "temperature         0.309314     1.000000 -0.114363   0.987562       0.322210   \n",
       "hour               -0.048009    -0.114363  1.000000  -0.119148      -0.059492   \n",
       "Temp_MA_2           0.298303     0.987562 -0.119148   1.000000       0.314090   \n",
       "Humidity_MA_2       0.986076     0.322210 -0.059492   0.314090       1.000000   \n",
       "Temp_rate           0.093465     0.247131  0.006026   0.125654       0.096297   \n",
       "Humidity_rate       0.249452    -0.021284  0.126837  -0.056874       0.131689   \n",
       "Temp_group         -0.660722    -0.308579  0.011421  -0.312472      -0.668945   \n",
       "Humidity_group     -0.654228    -0.296759  0.011467  -0.300460      -0.662391   \n",
       "humidity_lag1       0.944559     0.325802 -0.071498   0.321136       0.986008   \n",
       "humidity_lag2       0.884722     0.321718 -0.105089   0.327445       0.927388   \n",
       "humidity_lag3       0.838291     0.312185 -0.133863   0.320549       0.873314   \n",
       "humidity_rate_lag1  0.229514     0.033104  0.136079   0.006069       0.243591   \n",
       "temp_lag1           0.279536     0.950545 -0.120755   0.987555       0.298150   \n",
       "\n",
       "                    Temp_rate  Humidity_rate  Temp_group  Humidity_group  \\\n",
       "humidity             0.093465       0.249452   -0.660722       -0.654228   \n",
       "temperature          0.247131      -0.021284   -0.308579       -0.296759   \n",
       "hour                 0.006026       0.126837    0.011421        0.011467   \n",
       "Temp_MA_2            0.125654      -0.056874   -0.312472       -0.300460   \n",
       "Humidity_MA_2        0.096297       0.131689   -0.668945       -0.662391   \n",
       "Temp_rate            1.000000       0.135970   -0.003677       -0.003898   \n",
       "Humidity_rate        0.135970       1.000000   -0.009614       -0.009149   \n",
       "Temp_group          -0.003677      -0.009614    1.000000        0.999079   \n",
       "Humidity_group      -0.003898      -0.009149    0.999079        1.000000   \n",
       "humidity_lag1        0.096438       0.009957   -0.659220       -0.652816   \n",
       "humidity_lag2        0.028466      -0.230689   -0.657773       -0.651415   \n",
       "humidity_lag3       -0.024675      -0.210833   -0.656313       -0.649847   \n",
       "humidity_rate_lag1   0.251911       0.456718   -0.009882       -0.009834   \n",
       "temp_lag1            0.001016      -0.091058   -0.308126       -0.296213   \n",
       "\n",
       "                    humidity_lag1  humidity_lag2  humidity_lag3  \\\n",
       "humidity                 0.944559       0.884722       0.838291   \n",
       "temperature              0.325802       0.321718       0.312185   \n",
       "hour                    -0.071498      -0.105089      -0.133863   \n",
       "Temp_MA_2                0.321136       0.327445       0.320549   \n",
       "Humidity_MA_2            0.986008       0.927388       0.873314   \n",
       "Temp_rate                0.096438       0.028466      -0.024675   \n",
       "Humidity_rate            0.009957      -0.230689      -0.210833   \n",
       "Temp_group              -0.659220      -0.657773      -0.656313   \n",
       "Humidity_group          -0.652816      -0.651415      -0.649847   \n",
       "humidity_lag1            1.000000       0.944188       0.883916   \n",
       "humidity_lag2            0.944188       1.000000       0.943804   \n",
       "humidity_lag3            0.883916       0.943804       1.000000   \n",
       "humidity_rate_lag1       0.250865       0.010557      -0.230946   \n",
       "temp_lag1                0.308477       0.325024       0.320938   \n",
       "\n",
       "                    humidity_rate_lag1  temp_lag1  \n",
       "humidity                      0.229514   0.279536  \n",
       "temperature                   0.033104   0.950545  \n",
       "hour                          0.136079  -0.120755  \n",
       "Temp_MA_2                     0.006069   0.987555  \n",
       "Humidity_MA_2                 0.243591   0.298150  \n",
       "Temp_rate                     0.251911   0.001016  \n",
       "Humidity_rate                 0.456718  -0.091058  \n",
       "Temp_group                   -0.009882  -0.308126  \n",
       "Humidity_group               -0.009834  -0.296213  \n",
       "humidity_lag1                 0.250865   0.308477  \n",
       "humidity_lag2                 0.010557   0.325024  \n",
       "humidity_lag3                -0.230946   0.320938  \n",
       "humidity_rate_lag1            1.000000  -0.021124  \n",
       "temp_lag1                    -0.021124   1.000000  "
      ]
     },
     "execution_count": 36,
     "metadata": {},
     "output_type": "execute_result"
    }
   ],
   "source": [
    "df.corr(numeric_only=True)"
   ]
  },
  {
   "cell_type": "code",
   "execution_count": 37,
   "id": "b814a512",
   "metadata": {},
   "outputs": [],
   "source": [
    "training_data = df[['temp_lag1','humidity','humidity_lag1','hour']]"
   ]
  },
  {
   "cell_type": "code",
   "execution_count": 38,
   "id": "be059ad8",
   "metadata": {},
   "outputs": [],
   "source": [
    "training_data = training_data.dropna()"
   ]
  },
  {
   "cell_type": "code",
   "execution_count": 39,
   "id": "f76b5eaf",
   "metadata": {},
   "outputs": [
    {
     "data": {
      "text/html": [
       "<div>\n",
       "<style scoped>\n",
       "    .dataframe tbody tr th:only-of-type {\n",
       "        vertical-align: middle;\n",
       "    }\n",
       "\n",
       "    .dataframe tbody tr th {\n",
       "        vertical-align: top;\n",
       "    }\n",
       "\n",
       "    .dataframe thead th {\n",
       "        text-align: right;\n",
       "    }\n",
       "</style>\n",
       "<table border=\"1\" class=\"dataframe\">\n",
       "  <thead>\n",
       "    <tr style=\"text-align: right;\">\n",
       "      <th></th>\n",
       "      <th>temp_lag1</th>\n",
       "      <th>humidity</th>\n",
       "      <th>humidity_lag1</th>\n",
       "      <th>hour</th>\n",
       "    </tr>\n",
       "  </thead>\n",
       "  <tbody>\n",
       "    <tr>\n",
       "      <th>temp_lag1</th>\n",
       "      <td>1.000000</td>\n",
       "      <td>0.279536</td>\n",
       "      <td>0.308477</td>\n",
       "      <td>-0.120755</td>\n",
       "    </tr>\n",
       "    <tr>\n",
       "      <th>humidity</th>\n",
       "      <td>0.279536</td>\n",
       "      <td>1.000000</td>\n",
       "      <td>0.944559</td>\n",
       "      <td>-0.045855</td>\n",
       "    </tr>\n",
       "    <tr>\n",
       "      <th>humidity_lag1</th>\n",
       "      <td>0.308477</td>\n",
       "      <td>0.944559</td>\n",
       "      <td>1.000000</td>\n",
       "      <td>-0.071498</td>\n",
       "    </tr>\n",
       "    <tr>\n",
       "      <th>hour</th>\n",
       "      <td>-0.120755</td>\n",
       "      <td>-0.045855</td>\n",
       "      <td>-0.071498</td>\n",
       "      <td>1.000000</td>\n",
       "    </tr>\n",
       "  </tbody>\n",
       "</table>\n",
       "</div>"
      ],
      "text/plain": [
       "               temp_lag1  humidity  humidity_lag1      hour\n",
       "temp_lag1       1.000000  0.279536       0.308477 -0.120755\n",
       "humidity        0.279536  1.000000       0.944559 -0.045855\n",
       "humidity_lag1   0.308477  0.944559       1.000000 -0.071498\n",
       "hour           -0.120755 -0.045855      -0.071498  1.000000"
      ]
     },
     "execution_count": 39,
     "metadata": {},
     "output_type": "execute_result"
    }
   ],
   "source": [
    "training_data.corr()"
   ]
  },
  {
   "cell_type": "code",
   "execution_count": 40,
   "id": "b77ebe4b",
   "metadata": {},
   "outputs": [],
   "source": [
    "def get_distribution_type(data: pd.DataFrame, feature: str, **kwargs):\n",
    "    \"\"\"\n",
    "    Plot the distribution of a given feature using seaborn.displot.\n",
    "    \n",
    "    Parameters\n",
    "    ----------\n",
    "    data : pd.DataFrame\n",
    "        The dataframe containing the feature.\n",
    "    feature : str\n",
    "        Column name to plot.\n",
    "    **kwargs :\n",
    "        Additional keyword arguments passed to sns.displot().\n",
    "    \"\"\"\n",
    "    try:\n",
    "        sns.displot(data[feature], **kwargs)\n",
    "        plt.show()\n",
    "    except Exception as e:\n",
    "        print(f\"Error plotting feature '{feature}': {e}\")\n",
    "        raise\n",
    "\n",
    "def plot_relationship(data: pd.DataFrame,col1: str,col2: str,**kwargs):\n",
    "    \"\"\"\n",
    "    Scatter plot showing the relationship between temperature and humidity.\n",
    "\n",
    "    Parameters\n",
    "    ----------\n",
    "    data : pd.DataFrame\n",
    "        The dataframe containing temperature and humidity columns.\n",
    "    col1 : str, default='temperature'\n",
    "        The column name for temperature values.\n",
    "    col2 : str, default='humidity'\n",
    "        The column name for humidity values.\n",
    "    **kwargs :\n",
    "        Additional keyword arguments passed to plt.scatter().\n",
    "        Examples: color='red', alpha=0.5, s=20, marker='x'\n",
    "    \"\"\"\n",
    "    try:\n",
    "        # Default transparency if not given\n",
    "\n",
    "\n",
    "        plt.figure(figsize=kwargs.pop('figsize', (6, 4)))\n",
    "        plt.scatter(data[col1], data[col2], **kwargs)\n",
    "        plt.xlabel(f\"{col1.capitalize()} (°C)\")\n",
    "        plt.ylabel(f\"{col2.capitalize()} (%)\")\n",
    "        plt.title(f\"{col1.capitalize()} vs {col2.capitalize()}\")\n",
