{
 "cells": [
  {
   "cell_type": "code",
   "execution_count": 42,
   "id": "eaa72716",
   "metadata": {},
   "outputs": [],
   "source": [
    "import numpy as np\n",
    "import pandas as pd\n",
    "import seaborn as sns\n",
    "import matplotlib.pyplot as plt\n",
    "from sklearn.ensemble import RandomForestRegressor\n",
    "from sklearn.linear_model import LinearRegression\n",
    "from sklearn.model_selection import train_test_split\n",
    "from sklearn.metrics import r2_score\n",
    "from statsmodels.tsa.stattools import adfuller\n",
    "from statsmodels.tsa.stattools import acf as _acf, pacf as _pacf\n",
    "from statsmodels.graphics.tsaplots import plot_acf, plot_pacf\n",
    "from typing import Union, List, Dict, Any"
   ]
  },
  {
   "cell_type": "code",
   "execution_count": 3,
   "id": "11c4a8d2",
   "metadata": {},
   "outputs": [],
   "source": [
    "df = pd.read_csv('hourly_summary.csv',parse_dates=['device_time'])"
   ]
  },
  {
   "cell_type": "code",
   "execution_count": 4,
   "id": "d4bc31db",
   "metadata": {},
   "outputs": [
    {
     "name": "stdout",
     "output_type": "stream",
     "text": [
      "<class 'pandas.core.frame.DataFrame'>\n",
      "RangeIndex: 933 entries, 0 to 932\n",
      "Data columns (total 13 columns):\n",
      " #   Column          Non-Null Count  Dtype         \n",
      "---  ------          --------------  -----         \n",
      " 0   device_time     933 non-null    datetime64[ns]\n",
      " 1   humidity        933 non-null    float64       \n",
      " 2   temperature     933 non-null    float64       \n",
      " 3   hour            933 non-null    int64         \n",
      " 4   Temp_MA_2       932 non-null    float64       \n",
      " 5   Humidity_MA_2   932 non-null    float64       \n",
      " 6   Temp_rate       931 non-null    float64       \n",
      " 7   Humidity_rate   931 non-null    float64       \n",
      " 8   Temp_phase      933 non-null    object        \n",
      " 9   Humidity_phase  933 non-null    object        \n",
      " 10  daytime_labels  933 non-null    object        \n",
      " 11  Temp_group      933 non-null    int64         \n",
      " 12  Humidity_group  933 non-null    int64         \n",
      "dtypes: datetime64[ns](1), float64(6), int64(3), object(3)\n",
      "memory usage: 94.9+ KB\n"
     ]
    }
   ],
   "source": [
    "df.info()"
   ]
  },
  {
   "cell_type": "code",
   "execution_count": 5,
   "id": "ad79585d",
   "metadata": {},
   "outputs": [
    {
     "data": {
      "text/html": [
       "<div>\n",
       "<style scoped>\n",
       "    .dataframe tbody tr th:only-of-type {\n",
       "        vertical-align: middle;\n",
       "    }\n",
       "\n",
       "    .dataframe tbody tr th {\n",
       "        vertical-align: top;\n",
       "    }\n",
       "\n",
       "    .dataframe thead th {\n",
       "        text-align: right;\n",
       "    }\n",
       "</style>\n",
       "<table border=\"1\" class=\"dataframe\">\n",
       "  <thead>\n",
       "    <tr style=\"text-align: right;\">\n",
       "      <th></th>\n",
       "      <th>device_time</th>\n",
       "      <th>humidity</th>\n",
       "      <th>temperature</th>\n",
       "      <th>hour</th>\n",
       "      <th>Temp_MA_2</th>\n",
       "      <th>Humidity_MA_2</th>\n",
       "      <th>Temp_rate</th>\n",
       "      <th>Humidity_rate</th>\n",
       "      <th>Temp_phase</th>\n",
       "      <th>Humidity_phase</th>\n",
       "      <th>daytime_labels</th>\n",
       "      <th>Temp_group</th>\n",
       "      <th>Humidity_group</th>\n",
       "    </tr>\n",
       "  </thead>\n",
       "  <tbody>\n",
       "    <tr>\n",
       "      <th>0</th>\n",
       "      <td>2025-10-09 00:00:00</td>\n",
       "      <td>79.8</td>\n",
       "      <td>27.9</td>\n",
       "      <td>0</td>\n",
       "      <td>NaN</td>\n",
       "      <td>NaN</td>\n",
       "      <td>NaN</td>\n",
       "      <td>NaN</td>\n",
       "      <td>Neutral</td>\n",
       "      <td>Moderate</td>\n",
       "      <td>late night</td>\n",
       "      <td>1</td>\n",
       "      <td>1</td>\n",
       "    </tr>\n",
       "    <tr>\n",
       "      <th>1</th>\n",
       "      <td>2025-10-09 01:00:00</td>\n",
       "      <td>81.1</td>\n",
       "      <td>27.6</td>\n",
       "      <td>1</td>\n",
       "      <td>27.75</td>\n",
       "      <td>80.45</td>\n",
       "      <td>NaN</td>\n",
       "      <td>NaN</td>\n",
       "      <td>Neutral</td>\n",
       "      <td>Moderate</td>\n",
       "      <td>late night</td>\n",
       "      <td>1</td>\n",
       "      <td>1</td>\n",
       "    </tr>\n",
       "    <tr>\n",
       "      <th>2</th>\n",
       "      <td>2025-10-09 02:00:00</td>\n",
       "      <td>81.6</td>\n",
       "      <td>27.5</td>\n",
       "      <td>2</td>\n",
       "      <td>27.55</td>\n",
       "      <td>81.35</td>\n",
       "      <td>-0.20</td>\n",
       "      <td>0.90</td>\n",
       "      <td>Cooling</td>\n",
       "      <td>Moistening</td>\n",
       "      <td>late night</td>\n",
       "      <td>2</td>\n",
       "      <td>2</td>\n",
       "    </tr>\n",
       "    <tr>\n",
       "      <th>3</th>\n",
       "      <td>2025-10-09 03:00:00</td>\n",
       "      <td>82.0</td>\n",
       "      <td>27.5</td>\n",
       "      <td>3</td>\n",
       "      <td>27.50</td>\n",
       "      <td>81.80</td>\n",
       "      <td>-0.05</td>\n",
       "      <td>0.45</td>\n",
       "      <td>Cooling</td>\n",
       "      <td>Moistening</td>\n",
       "      <td>late night</td>\n",
       "      <td>2</td>\n",
       "      <td>2</td>\n",
       "    </tr>\n",
       "    <tr>\n",
       "      <th>4</th>\n",
       "      <td>2025-10-09 04:00:00</td>\n",
       "      <td>82.2</td>\n",
       "      <td>27.4</td>\n",
       "      <td>4</td>\n",
       "      <td>27.45</td>\n",
       "      <td>82.10</td>\n",
       "      <td>-0.05</td>\n",
       "      <td>0.30</td>\n",
       "      <td>Cooling</td>\n",
       "      <td>Moistening</td>\n",
       "      <td>early morning</td>\n",
       "      <td>2</td>\n",
       "      <td>2</td>\n",
       "    </tr>\n",
       "  </tbody>\n",
       "</table>\n",
       "</div>"
      ],
      "text/plain": [
       "          device_time  humidity  temperature  hour  Temp_MA_2  Humidity_MA_2  \\\n",
       "0 2025-10-09 00:00:00      79.8         27.9     0        NaN            NaN   \n",
       "1 2025-10-09 01:00:00      81.1         27.6     1      27.75          80.45   \n",
       "2 2025-10-09 02:00:00      81.6         27.5     2      27.55          81.35   \n",
       "3 2025-10-09 03:00:00      82.0         27.5     3      27.50          81.80   \n",
       "4 2025-10-09 04:00:00      82.2         27.4     4      27.45          82.10   \n",
       "\n",
       "   Temp_rate  Humidity_rate Temp_phase Humidity_phase daytime_labels  \\\n",
       "0        NaN            NaN    Neutral       Moderate     late night   \n",
       "1        NaN            NaN    Neutral       Moderate     late night   \n",
       "2      -0.20           0.90    Cooling     Moistening     late night   \n",
       "3      -0.05           0.45    Cooling     Moistening     late night   \n",
       "4      -0.05           0.30    Cooling     Moistening  early morning   \n",
       "\n",
       "   Temp_group  Humidity_group  \n",
       "0           1               1  \n",
       "1           1               1  \n",
       "2           2               2  \n",
       "3           2               2  \n",
       "4           2               2  "
      ]
     },
     "execution_count": 5,
     "metadata": {},
     "output_type": "execute_result"
    }
   ],
   "source": [
    "df.head()"
   ]
  },
  {
   "cell_type": "code",
   "execution_count": 6,
   "id": "81f99625",
   "metadata": {},
   "outputs": [
    {
     "data": {
      "text/html": [
       "<div>\n",
       "<style scoped>\n",
       "    .dataframe tbody tr th:only-of-type {\n",
       "        vertical-align: middle;\n",
       "    }\n",
       "\n",
       "    .dataframe tbody tr th {\n",
       "        vertical-align: top;\n",
       "    }\n",
       "\n",
       "    .dataframe thead th {\n",
       "        text-align: right;\n",
       "    }\n",
       "</style>\n",
       "<table border=\"1\" class=\"dataframe\">\n",
       "  <thead>\n",
       "    <tr style=\"text-align: right;\">\n",
       "      <th></th>\n",
       "      <th>device_time</th>\n",
       "      <th>humidity</th>\n",
       "      <th>temperature</th>\n",
       "      <th>hour</th>\n",
       "      <th>Temp_MA_2</th>\n",
       "      <th>Humidity_MA_2</th>\n",
       "      <th>Temp_rate</th>\n",
       "      <th>Humidity_rate</th>\n",
       "      <th>Temp_phase</th>\n",
       "      <th>Humidity_phase</th>\n",
       "      <th>daytime_labels</th>\n",
       "      <th>Temp_group</th>\n",
       "      <th>Humidity_group</th>\n",
       "    </tr>\n",
       "  </thead>\n",
       "  <tbody>\n",
       "    <tr>\n",
       "      <th>0</th>\n",
       "      <td>2025-10-09 00:00:00</td>\n",
       "      <td>79.8</td>\n",
       "      <td>27.9</td>\n",
       "      <td>0</td>\n",
       "      <td>NaN</td>\n",
       "      <td>NaN</td>\n",
       "      <td>NaN</td>\n",
       "      <td>NaN</td>\n",
       "      <td>Neutral</td>\n",
       "      <td>Moderate</td>\n",
       "      <td>late night</td>\n",
       "      <td>1</td>\n",
       "      <td>1</td>\n",
       "    </tr>\n",
       "    <tr>\n",
       "      <th>1</th>\n",
       "      <td>2025-10-09 01:00:00</td>\n",
       "      <td>81.1</td>\n",
       "      <td>27.6</td>\n",
       "      <td>1</td>\n",
       "      <td>27.75</td>\n",
       "      <td>80.45</td>\n",
       "      <td>NaN</td>\n",
       "      <td>NaN</td>\n",
       "      <td>Neutral</td>\n",
       "      <td>Moderate</td>\n",
       "      <td>late night</td>\n",
       "      <td>1</td>\n",
       "      <td>1</td>\n",
       "    </tr>\n",
       "    <tr>\n",
       "      <th>2</th>\n",
       "      <td>2025-10-09 02:00:00</td>\n",
       "      <td>81.6</td>\n",
       "      <td>27.5</td>\n",
       "      <td>2</td>\n",
       "      <td>27.55</td>\n",
       "      <td>81.35</td>\n",
       "      <td>-0.20</td>\n",
       "      <td>0.90</td>\n",
       "      <td>Cooling</td>\n",
       "      <td>Moistening</td>\n",
       "      <td>late night</td>\n",
       "      <td>2</td>\n",
       "      <td>2</td>\n",
       "    </tr>\n",
       "    <tr>\n",
       "      <th>3</th>\n",
       "      <td>2025-10-09 03:00:00</td>\n",
       "      <td>82.0</td>\n",
       "      <td>27.5</td>\n",
       "      <td>3</td>\n",
       "      <td>27.50</td>\n",
       "      <td>81.80</td>\n",
       "      <td>-0.05</td>\n",
       "      <td>0.45</td>\n",
       "      <td>Cooling</td>\n",
       "      <td>Moistening</td>\n",
       "      <td>late night</td>\n",
       "      <td>2</td>\n",
       "      <td>2</td>\n",
       "    </tr>\n",
       "    <tr>\n",
       "      <th>4</th>\n",
       "      <td>2025-10-09 04:00:00</td>\n",
       "      <td>82.2</td>\n",
       "      <td>27.4</td>\n",
       "      <td>4</td>\n",
       "      <td>27.45</td>\n",
       "      <td>82.10</td>\n",
       "      <td>-0.05</td>\n",
       "      <td>0.30</td>\n",
       "      <td>Cooling</td>\n",
       "      <td>Moistening</td>\n",
       "      <td>early morning</td>\n",
       "      <td>2</td>\n",
       "      <td>2</td>\n",
       "    </tr>\n",
       "  </tbody>\n",
       "</table>\n",
       "</div>"
      ],
      "text/plain": [
       "          device_time  humidity  temperature  hour  Temp_MA_2  Humidity_MA_2  \\\n",
       "0 2025-10-09 00:00:00      79.8         27.9     0        NaN            NaN   \n",
       "1 2025-10-09 01:00:00      81.1         27.6     1      27.75          80.45   \n",
       "2 2025-10-09 02:00:00      81.6         27.5     2      27.55          81.35   \n",
       "3 2025-10-09 03:00:00      82.0         27.5     3      27.50          81.80   \n",
       "4 2025-10-09 04:00:00      82.2         27.4     4      27.45          82.10   \n",
       "\n",
       "   Temp_rate  Humidity_rate Temp_phase Humidity_phase daytime_labels  \\\n",
       "0        NaN            NaN    Neutral       Moderate     late night   \n",
       "1        NaN            NaN    Neutral       Moderate     late night   \n",
       "2      -0.20           0.90    Cooling     Moistening     late night   \n",
       "3      -0.05           0.45    Cooling     Moistening     late night   \n",
       "4      -0.05           0.30    Cooling     Moistening  early morning   \n",
       "\n",
       "   Temp_group  Humidity_group  \n",
       "0           1               1  \n",
       "1           1               1  \n",
       "2           2               2  \n",
       "3           2               2  \n",
       "4           2               2  "
      ]
     },
     "execution_count": 6,
     "metadata": {},
     "output_type": "execute_result"
    }
   ],
   "source": [
    "df.head()"
   ]
  },
  {
   "cell_type": "code",
   "execution_count": 7,
   "id": "6120cff8",
   "metadata": {},
   "outputs": [
    {
     "data": {
      "text/html": [
       "<div>\n",
       "<style scoped>\n",
       "    .dataframe tbody tr th:only-of-type {\n",
       "        vertical-align: middle;\n",
       "    }\n",
       "\n",
       "    .dataframe tbody tr th {\n",
       "        vertical-align: top;\n",
       "    }\n",
       "\n",
       "    .dataframe thead th {\n",
       "        text-align: right;\n",
       "    }\n",
       "</style>\n",
       "<table border=\"1\" class=\"dataframe\">\n",
       "  <thead>\n",
       "    <tr style=\"text-align: right;\">\n",
       "      <th></th>\n",
       "      <th>humidity</th>\n",
       "      <th>temperature</th>\n",
       "      <th>hour</th>\n",
       "      <th>Temp_MA_2</th>\n",
       "      <th>Humidity_MA_2</th>\n",
       "      <th>Temp_rate</th>\n",
       "      <th>Humidity_rate</th>\n",
       "      <th>Temp_group</th>\n",
       "      <th>Humidity_group</th>\n",
       "    </tr>\n",
       "  </thead>\n",
       "  <tbody>\n",
       "    <tr>\n",
       "      <th>humidity</th>\n",
       "      <td>1.000000</td>\n",
       "      <td>0.434928</td>\n",
       "      <td>-0.047120</td>\n",
       "      <td>0.428675</td>\n",
       "      <td>0.987349</td>\n",
       "      <td>0.072274</td>\n",
       "      <td>0.232190</td>\n",
       "      <td>-0.660769</td>\n",
       "      <td>-0.650820</td>\n",
       "    </tr>\n",
       "    <tr>\n",
       "      <th>temperature</th>\n",
       "      <td>0.434928</td>\n",
       "      <td>1.000000</td>\n",
       "      <td>-0.118410</td>\n",
       "      <td>0.988026</td>\n",
       "      <td>0.446443</td>\n",
       "      <td>0.241014</td>\n",
       "      <td>-0.012913</td>\n",
       "      <td>-0.471631</td>\n",
       "      <td>-0.462889</td>\n",
       "    </tr>\n",
       "    <tr>\n",
       "      <th>hour</th>\n",
       "      <td>-0.047120</td>\n",
       "      <td>-0.118410</td>\n",
       "      <td>1.000000</td>\n",
       "      <td>-0.119886</td>\n",
       "      <td>-0.057444</td>\n",
       "      <td>-0.017935</td>\n",
       "      <td>0.121873</td>\n",
       "      <td>0.011422</td>\n",
       "      <td>0.011499</td>\n",
       "    </tr>\n",
       "    <tr>\n",
       "      <th>Temp_MA_2</th>\n",
       "      <td>0.428675</td>\n",
       "      <td>0.988026</td>\n",
       "      <td>-0.119886</td>\n",
       "      <td>1.000000</td>\n",
       "      <td>0.442661</td>\n",
       "      <td>0.123401</td>\n",
       "      <td>-0.042609</td>\n",
       "      <td>-0.476871</td>\n",
       "      <td>-0.468003</td>\n",
       "    </tr>\n",
       "    <tr>\n",
       "      <th>Humidity_MA_2</th>\n",
       "      <td>0.987349</td>\n",
       "      <td>0.446443</td>\n",
       "      <td>-0.057444</td>\n",
       "      <td>0.442661</td>\n",
       "      <td>1.000000</td>\n",
       "      <td>0.075041</td>\n",
       "      <td>0.118876</td>\n",
       "      <td>-0.668151</td>\n",
       "      <td>-0.658092</td>\n",
       "    </tr>\n",
       "    <tr>\n",
       "      <th>Temp_rate</th>\n",
       "      <td>0.072274</td>\n",
       "      <td>0.241014</td>\n",
       "      <td>-0.017935</td>\n",
       "      <td>0.123401</td>\n",
       "      <td>0.075041</td>\n",
       "      <td>1.000000</td>\n",
       "      <td>0.114247</td>\n",
       "      <td>-0.004892</td>\n",
       "      <td>-0.004973</td>\n",
       "    </tr>\n",
       "    <tr>\n",
       "      <th>Humidity_rate</th>\n",
       "      <td>0.232190</td>\n",
       "      <td>-0.012913</td>\n",
       "      <td>0.121873</td>\n",
       "      <td>-0.042609</td>\n",
       "      <td>0.118876</td>\n",
       "      <td>0.114247</td>\n",
       "      <td>1.000000</td>\n",
       "      <td>-0.003447</td>\n",
       "      <td>-0.003022</td>\n",
       "    </tr>\n",
       "    <tr>\n",
       "      <th>Temp_group</th>\n",
       "      <td>-0.660769</td>\n",
       "      <td>-0.471631</td>\n",
       "      <td>0.011422</td>\n",
       "      <td>-0.476871</td>\n",
       "      <td>-0.668151</td>\n",
       "      <td>-0.004892</td>\n",
       "      <td>-0.003447</td>\n",
       "      <td>1.000000</td>\n",
       "      <td>0.998935</td>\n",
       "    </tr>\n",
       "    <tr>\n",
       "      <th>Humidity_group</th>\n",
       "      <td>-0.650820</td>\n",
       "      <td>-0.462889</td>\n",
       "      <td>0.011499</td>\n",
       "      <td>-0.468003</td>\n",
       "      <td>-0.658092</td>\n",
       "      <td>-0.004973</td>\n",
       "      <td>-0.003022</td>\n",
       "      <td>0.998935</td>\n",
       "      <td>1.000000</td>\n",
       "    </tr>\n",
       "  </tbody>\n",
       "</table>\n",
       "</div>"
      ],
      "text/plain": [
       "                humidity  temperature      hour  Temp_MA_2  Humidity_MA_2  \\\n",
       "humidity        1.000000     0.434928 -0.047120   0.428675       0.987349   \n",
       "temperature     0.434928     1.000000 -0.118410   0.988026       0.446443   \n",
       "hour           -0.047120    -0.118410  1.000000  -0.119886      -0.057444   \n",
       "Temp_MA_2       0.428675     0.988026 -0.119886   1.000000       0.442661   \n",
       "Humidity_MA_2   0.987349     0.446443 -0.057444   0.442661       1.000000   \n",
       "Temp_rate       0.072274     0.241014 -0.017935   0.123401       0.075041   \n",
       "Humidity_rate   0.232190    -0.012913  0.121873  -0.042609       0.118876   \n",
       "Temp_group     -0.660769    -0.471631  0.011422  -0.476871      -0.668151   \n",
       "Humidity_group -0.650820    -0.462889  0.011499  -0.468003      -0.658092   \n",
       "\n",
       "                Temp_rate  Humidity_rate  Temp_group  Humidity_group  \n",
       "humidity         0.072274       0.232190   -0.660769       -0.650820  \n",
       "temperature      0.241014      -0.012913   -0.471631       -0.462889  \n",
       "hour            -0.017935       0.121873    0.011422        0.011499  \n",
       "Temp_MA_2        0.123401      -0.042609   -0.476871       -0.468003  \n",
       "Humidity_MA_2    0.075041       0.118876   -0.668151       -0.658092  \n",
       "Temp_rate        1.000000       0.114247   -0.004892       -0.004973  \n",
       "Humidity_rate    0.114247       1.000000   -0.003447       -0.003022  \n",
       "Temp_group      -0.004892      -0.003447    1.000000        0.998935  \n",
       "Humidity_group  -0.004973      -0.003022    0.998935        1.000000  "
      ]
     },
     "execution_count": 7,
     "metadata": {},
     "output_type": "execute_result"
    }
   ],
   "source": [
    "df.corr(numeric_only=True)"
   ]
  },
  {
   "cell_type": "markdown",
   "id": "9c628dad",
   "metadata": {},
   "source": [
    "# Computing Previous (Hour) Features"
   ]
  },
  {
   "cell_type": "code",
   "execution_count": 8,
   "id": "b567f2b2",
   "metadata": {},
   "outputs": [],
   "source": [
    "df[\"humidity_lag1\"] = df[\"humidity\"].shift(1)\n",
    "df[\"humidity_lag2\"] = df[\"humidity\"].shift(2)\n",
    "df[\"humidity_lag3\"] = df[\"humidity\"].shift(3)\n",
    "df['humidity_rate_lag1'] = df['Humidity_rate'].shift(1)\n",
    "df[\"temp_lag1\"] = df[\"temperature\"].shift(1)"
   ]
  },
  {
   "cell_type": "code",
   "execution_count": 9,
   "id": "bd4c775a",
   "metadata": {},
   "outputs": [
    {
     "data": {
      "text/html": [
       "<div>\n",
       "<style scoped>\n",
       "    .dataframe tbody tr th:only-of-type {\n",
       "        vertical-align: middle;\n",
       "    }\n",
       "\n",
       "    .dataframe tbody tr th {\n",
       "        vertical-align: top;\n",
       "    }\n",
       "\n",
       "    .dataframe thead th {\n",
       "        text-align: right;\n",
       "    }\n",
       "</style>\n",
       "<table border=\"1\" class=\"dataframe\">\n",
       "  <thead>\n",
       "    <tr style=\"text-align: right;\">\n",
       "      <th></th>\n",
       "      <th>humidity</th>\n",
       "      <th>temperature</th>\n",
       "      <th>hour</th>\n",
       "      <th>Temp_MA_2</th>\n",
       "      <th>Humidity_MA_2</th>\n",
       "      <th>Temp_rate</th>\n",
       "      <th>Humidity_rate</th>\n",
       "      <th>Temp_group</th>\n",
       "      <th>Humidity_group</th>\n",
       "      <th>humidity_lag1</th>\n",
       "      <th>humidity_lag2</th>\n",
       "      <th>humidity_lag3</th>\n",
       "      <th>humidity_rate_lag1</th>\n",
       "      <th>temp_lag1</th>\n",
       "    </tr>\n",
       "  </thead>\n",
       "  <tbody>\n",
       "    <tr>\n",
       "      <th>humidity</th>\n",
       "      <td>1.000000</td>\n",
       "      <td>0.434928</td>\n",
       "      <td>-0.047120</td>\n",
       "      <td>0.428675</td>\n",
       "      <td>0.987349</td>\n",
       "      <td>0.072274</td>\n",
       "      <td>0.232190</td>\n",
       "      <td>-0.660769</td>\n",
       "      <td>-0.650820</td>\n",
       "      <td>0.949675</td>\n",
       "      <td>0.894351</td>\n",
       "      <td>0.852943</td>\n",
       "      <td>0.210746</td>\n",
       "      <td>0.412233</td>\n",
       "    </tr>\n",
       "    <tr>\n",
       "      <th>temperature</th>\n",
       "      <td>0.434928</td>\n",
       "      <td>1.000000</td>\n",
       "      <td>-0.118410</td>\n",
       "      <td>0.988026</td>\n",
       "      <td>0.446443</td>\n",
       "      <td>0.241014</td>\n",
       "      <td>-0.012913</td>\n",
       "      <td>-0.471631</td>\n",
       "      <td>-0.462889</td>\n",
       "      <td>0.446754</td>\n",
       "      <td>0.441425</td>\n",
       "      <td>0.431730</td>\n",
       "      <td>0.033960</td>\n",
       "      <td>0.952349</td>\n",
       "    </tr>\n",
       "    <tr>\n",
       "      <th>hour</th>\n",
       "      <td>-0.047120</td>\n",
       "      <td>-0.118410</td>\n",
       "      <td>1.000000</td>\n",
       "      <td>-0.119886</td>\n",
       "      <td>-0.057444</td>\n",
       "      <td>-0.017935</td>\n",
       "      <td>0.121873</td>\n",
       "      <td>0.011422</td>\n",
       "      <td>0.011499</td>\n",
       "      <td>-0.068682</td>\n",
       "      <td>-0.098486</td>\n",
       "      <td>-0.123619</td>\n",
       "      <td>0.128397</td>\n",
       "      <td>-0.119000</td>\n",
       "    </tr>\n",
       "    <tr>\n",
       "      <th>Temp_MA_2</th>\n",
       "      <td>0.428675</td>\n",
       "      <td>0.988026</td>\n",
       "      <td>-0.119886</td>\n",
       "      <td>1.000000</td>\n",
       "      <td>0.442661</td>\n",
       "      <td>0.123401</td>\n",
       "      <td>-0.042609</td>\n",
       "      <td>-0.476871</td>\n",
       "      <td>-0.468003</td>\n",
       "      <td>0.445445</td>\n",
       "      <td>0.448797</td>\n",
       "      <td>0.441235</td>\n",
       "      <td>0.010155</td>\n",
       "      <td>0.988005</td>\n",
       "    </tr>\n",
       "    <tr>\n",
       "      <th>Humidity_MA_2</th>\n",
       "      <td>0.987349</td>\n",
       "      <td>0.446443</td>\n",
       "      <td>-0.057444</td>\n",
       "      <td>0.442661</td>\n",
       "      <td>1.000000</td>\n",
       "      <td>0.075041</td>\n",
       "      <td>0.118876</td>\n",
       "      <td>-0.668151</td>\n",
       "      <td>-0.658092</td>\n",
       "      <td>0.987328</td>\n",
       "      <td>0.933773</td>\n",
       "      <td>0.884753</td>\n",
       "      <td>0.223875</td>\n",
       "      <td>0.428261</td>\n",
       "    </tr>\n",
       "    <tr>\n",
       "      <th>Temp_rate</th>\n",
       "      <td>0.072274</td>\n",
       "      <td>0.241014</td>\n",
       "      <td>-0.017935</td>\n",
       "      <td>0.123401</td>\n",
       "      <td>0.075041</td>\n",
       "      <td>1.000000</td>\n",
       "      <td>0.114247</td>\n",
       "      <td>-0.004892</td>\n",
       "      <td>-0.004973</td>\n",
       "      <td>0.075904</td>\n",
       "      <td>0.019810</td>\n",
       "      <td>-0.025693</td>\n",
       "      <td>0.222408</td>\n",
       "      <td>0.002718</td>\n",
       "    </tr>\n",
       "    <tr>\n",
       "      <th>Humidity_rate</th>\n",
       "      <td>0.232190</td>\n",
       "      <td>-0.012913</td>\n",
       "      <td>0.121873</td>\n",
       "      <td>-0.042609</td>\n",
       "      <td>0.118876</td>\n",
       "      <td>0.114247</td>\n",
       "      <td>1.000000</td>\n",
       "      <td>-0.003447</td>\n",
       "      <td>-0.003022</td>\n",
       "      <td>0.002474</td>\n",
       "      <td>-0.227481</td>\n",
       "      <td>-0.207928</td>\n",
       "      <td>0.455479</td>\n",
       "      <td>-0.071312</td>\n",
       "    </tr>\n",
       "    <tr>\n",
       "      <th>Temp_group</th>\n",
       "      <td>-0.660769</td>\n",
       "      <td>-0.471631</td>\n",
       "      <td>0.011422</td>\n",
       "      <td>-0.476871</td>\n",
       "      <td>-0.668151</td>\n",
       "      <td>-0.004892</td>\n",
       "      <td>-0.003447</td>\n",
       "      <td>1.000000</td>\n",
       "      <td>0.998935</td>\n",
       "      <td>-0.659420</td>\n",
       "      <td>-0.658222</td>\n",
       "      <td>-0.657129</td>\n",
       "      <td>-0.002048</td>\n",
       "      <td>-0.470658</td>\n",
       "    </tr>\n",
       "    <tr>\n",
       "      <th>Humidity_group</th>\n",
       "      <td>-0.650820</td>\n",
       "      <td>-0.462889</td>\n",
       "      <td>0.011499</td>\n",
       "      <td>-0.468003</td>\n",
       "      <td>-0.658092</td>\n",
       "      <td>-0.004973</td>\n",
       "      <td>-0.003022</td>\n",
       "      <td>0.998935</td>\n",
       "      <td>1.000000</td>\n",
       "      <td>-0.649547</td>\n",
       "      <td>-0.648366</td>\n",
       "      <td>-0.647110</td>\n",
       "      <td>-0.002156</td>\n",
       "      <td>-0.461871</td>\n",
       "    </tr>\n",
       "    <tr>\n",
       "      <th>humidity_lag1</th>\n",
       "      <td>0.949675</td>\n",
       "      <td>0.446754</td>\n",
       "      <td>-0.068682</td>\n",
       "      <td>0.445445</td>\n",
       "      <td>0.987328</td>\n",
       "      <td>0.075904</td>\n",
       "      <td>0.002474</td>\n",
       "      <td>-0.659420</td>\n",
       "      <td>-0.649547</td>\n",
       "      <td>1.000000</td>\n",
       "      <td>0.949517</td>\n",
       "      <td>0.894064</td>\n",
       "      <td>0.231315</td>\n",
       "      <td>0.433454</td>\n",
       "    </tr>\n",
       "    <tr>\n",
       "      <th>humidity_lag2</th>\n",
       "      <td>0.894351</td>\n",
       "      <td>0.441425</td>\n",
       "      <td>-0.098486</td>\n",
       "      <td>0.448797</td>\n",
       "      <td>0.933773</td>\n",
       "      <td>0.019810</td>\n",
       "      <td>-0.227481</td>\n",
       "      <td>-0.658222</td>\n",
       "      <td>-0.648366</td>\n",
       "      <td>0.949517</td>\n",
       "      <td>1.000000</td>\n",
       "      <td>0.949382</td>\n",
       "      <td>0.001231</td>\n",
       "      <td>0.445414</td>\n",
       "    </tr>\n",
       "    <tr>\n",
       "      <th>humidity_lag3</th>\n",
       "      <td>0.852943</td>\n",
       "      <td>0.431730</td>\n",
       "      <td>-0.123619</td>\n",
       "      <td>0.441235</td>\n",
       "      <td>0.884753</td>\n",
       "      <td>-0.025693</td>\n",
       "      <td>-0.207928</td>\n",
       "      <td>-0.657129</td>\n",
       "      <td>-0.647110</td>\n",
       "      <td>0.894064</td>\n",
       "      <td>0.949382</td>\n",
       "      <td>1.000000</td>\n",
       "      <td>-0.228981</td>\n",
       "      <td>0.440168</td>\n",
       "    </tr>\n",
       "    <tr>\n",
       "      <th>humidity_rate_lag1</th>\n",
       "      <td>0.210746</td>\n",
       "      <td>0.033960</td>\n",
       "      <td>0.128397</td>\n",
       "      <td>0.010155</td>\n",
       "      <td>0.223875</td>\n",
       "      <td>0.222408</td>\n",
       "      <td>0.455479</td>\n",
       "      <td>-0.002048</td>\n",
       "      <td>-0.002156</td>\n",
       "      <td>0.231315</td>\n",
       "      <td>0.001231</td>\n",
       "      <td>-0.228981</td>\n",
       "      <td>1.000000</td>\n",
       "      <td>-0.013915</td>\n",
       "    </tr>\n",
       "    <tr>\n",
       "      <th>temp_lag1</th>\n",
       "      <td>0.412233</td>\n",
       "      <td>0.952349</td>\n",
       "      <td>-0.119000</td>\n",
       "      <td>0.988005</td>\n",
       "      <td>0.428261</td>\n",
       "      <td>0.002718</td>\n",
       "      <td>-0.071312</td>\n",
       "      <td>-0.470658</td>\n",
       "      <td>-0.461871</td>\n",
       "      <td>0.433454</td>\n",
       "      <td>0.445414</td>\n",
       "      <td>0.440168</td>\n",
       "      <td>-0.013915</td>\n",
       "      <td>1.000000</td>\n",
       "    </tr>\n",
       "  </tbody>\n",
       "</table>\n",
       "</div>"
      ],
      "text/plain": [
       "                    humidity  temperature      hour  Temp_MA_2  Humidity_MA_2  \\\n",
       "humidity            1.000000     0.434928 -0.047120   0.428675       0.987349   \n",
       "temperature         0.434928     1.000000 -0.118410   0.988026       0.446443   \n",
       "hour               -0.047120    -0.118410  1.000000  -0.119886      -0.057444   \n",
       "Temp_MA_2           0.428675     0.988026 -0.119886   1.000000       0.442661   \n",
       "Humidity_MA_2       0.987349     0.446443 -0.057444   0.442661       1.000000   \n",
       "Temp_rate           0.072274     0.241014 -0.017935   0.123401       0.075041   \n",
       "Humidity_rate       0.232190    -0.012913  0.121873  -0.042609       0.118876   \n",
       "Temp_group         -0.660769    -0.471631  0.011422  -0.476871      -0.668151   \n",
       "Humidity_group     -0.650820    -0.462889  0.011499  -0.468003      -0.658092   \n",
       "humidity_lag1       0.949675     0.446754 -0.068682   0.445445       0.987328   \n",
       "humidity_lag2       0.894351     0.441425 -0.098486   0.448797       0.933773   \n",
       "humidity_lag3       0.852943     0.431730 -0.123619   0.441235       0.884753   \n",
       "humidity_rate_lag1  0.210746     0.033960  0.128397   0.010155       0.223875   \n",
       "temp_lag1           0.412233     0.952349 -0.119000   0.988005       0.428261   \n",
       "\n",
       "                    Temp_rate  Humidity_rate  Temp_group  Humidity_group  \\\n",
       "humidity             0.072274       0.232190   -0.660769       -0.650820   \n",
       "temperature          0.241014      -0.012913   -0.471631       -0.462889   \n",
       "hour                -0.017935       0.121873    0.011422        0.011499   \n",
       "Temp_MA_2            0.123401      -0.042609   -0.476871       -0.468003   \n",
       "Humidity_MA_2        0.075041       0.118876   -0.668151       -0.658092   \n",
       "Temp_rate            1.000000       0.114247   -0.004892       -0.004973   \n",
       "Humidity_rate        0.114247       1.000000   -0.003447       -0.003022   \n",
       "Temp_group          -0.004892      -0.003447    1.000000        0.998935   \n",
       "Humidity_group      -0.004973      -0.003022    0.998935        1.000000   \n",
       "humidity_lag1        0.075904       0.002474   -0.659420       -0.649547   \n",
       "humidity_lag2        0.019810      -0.227481   -0.658222       -0.648366   \n",
       "humidity_lag3       -0.025693      -0.207928   -0.657129       -0.647110   \n",
       "humidity_rate_lag1   0.222408       0.455479   -0.002048       -0.002156   \n",
       "temp_lag1            0.002718      -0.071312   -0.470658       -0.461871   \n",
       "\n",
       "                    humidity_lag1  humidity_lag2  humidity_lag3  \\\n",
       "humidity                 0.949675       0.894351       0.852943   \n",
       "temperature              0.446754       0.441425       0.431730   \n",
       "hour                    -0.068682      -0.098486      -0.123619   \n",
       "Temp_MA_2                0.445445       0.448797       0.441235   \n",
       "Humidity_MA_2            0.987328       0.933773       0.884753   \n",
       "Temp_rate                0.075904       0.019810      -0.025693   \n",
       "Humidity_rate            0.002474      -0.227481      -0.207928   \n",
       "Temp_group              -0.659420      -0.658222      -0.657129   \n",
       "Humidity_group          -0.649547      -0.648366      -0.647110   \n",
       "humidity_lag1            1.000000       0.949517       0.894064   \n",
       "humidity_lag2            0.949517       1.000000       0.949382   \n",
       "humidity_lag3            0.894064       0.949382       1.000000   \n",
       "humidity_rate_lag1       0.231315       0.001231      -0.228981   \n",
       "temp_lag1                0.433454       0.445414       0.440168   \n",
       "\n",
       "                    humidity_rate_lag1  temp_lag1  \n",
       "humidity                      0.210746   0.412233  \n",
       "temperature                   0.033960   0.952349  \n",
       "hour                          0.128397  -0.119000  \n",
       "Temp_MA_2                     0.010155   0.988005  \n",
       "Humidity_MA_2                 0.223875   0.428261  \n",
       "Temp_rate                     0.222408   0.002718  \n",
       "Humidity_rate                 0.455479  -0.071312  \n",
       "Temp_group                   -0.002048  -0.470658  \n",
       "Humidity_group               -0.002156  -0.461871  \n",
       "humidity_lag1                 0.231315   0.433454  \n",
       "humidity_lag2                 0.001231   0.445414  \n",
       "humidity_lag3                -0.228981   0.440168  \n",
       "humidity_rate_lag1            1.000000  -0.013915  \n",
       "temp_lag1                    -0.013915   1.000000  "
      ]
     },
     "execution_count": 9,
     "metadata": {},
     "output_type": "execute_result"
    }
   ],
   "source": [
    "df.corr(numeric_only=True)"
   ]
  },
  {
   "cell_type": "code",
   "execution_count": 32,
   "id": "6c6a8d27",
   "metadata": {},
   "outputs": [],
   "source": [
    "def check_acf_pacf(\n",
    "    df: pd.DataFrame,\n",
    "    cols: Union[str, List[str]],\n",
    "    nlags: int = 40,\n",
    "    alpha: float = 0.05,\n",
    "    dropna_strategy: str = \"drop\",   # options: \"drop\", \"ffill\", \"bfill\", \"interpolate\"\n",
    "    pacf_method: str = \"ywm\", # options vary by statsmodels version: \"ywunbiased\",\"ywm\",\"ols\",\"ld\"\n",
    "    plot: bool = True,\n",
    "    figsize: tuple = (12, 6),\n",
    "    title_prefix: str = \"\",\n",
    "    return_data: bool = True,\n",
    "    acf_fft: bool = False,\n",
    "    **plot_kwargs\n",
    ") -> Dict[str, Any]:\n",
    "    \"\"\"\n",
    "    Compute and optionally plot ACF and PACF for one or more series.\n",
    "\n",
    "    Parameters\n",
    "    ----------\n",
    "    df : pd.DataFrame\n",
    "        Input dataframe containing time series columns.\n",
    "    cols : str or list[str]\n",
    "        Column name or list of column names to analyse.\n",
    "    nlags : int\n",
    "        Number of lags to compute/display.\n",
    "    alpha : float\n",
    "        Significance level for confidence intervals (e.g. 0.05 -> 95% CI).\n",
    "    dropna_strategy : str\n",
    "        How to handle NA before analysis: \"drop\", \"ffill\", \"bfill\", \"interpolate\".\n",
    "    pacf_method : str\n",
    "        Method passed to statsmodels.pacf for PACF computation.\n",
    "    plot : bool\n",
    "        Whether to produce ACF/PACF plots.\n",
    "    figsize : tuple\n",
    "        Figure size for each variable's pair of plots.\n",
    "    title_prefix : str\n",
    "        Optional prefix added to plot titles.\n",
    "    return_data : bool\n",
    "        Return ACF/PACF arrays and summary DataFrame in a dict.\n",
    "    acf_fft : bool\n",
    "        Whether to use FFT-based ACF calculation (faster for long series).\n",
    "    plot_kwargs : dict\n",
    "        Extra keyword args forwarded to plot_acf / plot_pacf (e.g., lags, zero).\n",
    "    \n",
    "    Returns\n",
    "    -------\n",
    "    result : dict\n",
    "        Keys are column names. Each value is a dict with:\n",
    "          - 'series' : the cleaned pandas.Series used\n",
    "          - 'acf'    : numpy array of acf values (length nlags+1)\n",
    "          - 'pacf'   : numpy array of pacf values (length nlags+1)\n",
    "          - 'acf_ci' : conf interval array (2 x (nlags+1)) if available\n",
    "          - 'pacf_ci': conf interval for pacf (None if not available)\n",
    "          - 'table'  : pd.DataFrame with columns ['lag','acf','pacf']\n",
    "    \"\"\"\n",
    "\n",
    "    # Normalize cols to list\n",
    "    if isinstance(cols, str):\n",
    "        cols = [cols]\n",
    "\n",
    "    # validate dropna strategy\n",
    "    valid_strats = {\"drop\", \"ffill\", \"bfill\", \"interpolate\"}\n",
    "    if dropna_strategy not in valid_strats:\n",
    "        raise ValueError(f\"dropna_strategy must be one of {valid_strats}\")\n",
    "\n",
    "    results = {}\n",
    "\n",
    "    for col in cols:\n",
    "        if col not in df.columns:\n",
    "            raise KeyError(f\"Column '{col}' not found in dataframe\")\n",
    "\n",
    "        s = df[col]\n",
    "\n",
    "        # Ensure numeric\n",
    "        s = pd.to_numeric(s, errors=\"coerce\")\n",
    "\n",
    "        # Handle missing values\n",
    "        if dropna_strategy == \"drop\":\n",
    "            s_clean = s.dropna()\n",
    "        elif dropna_strategy == \"ffill\":\n",
    "            s_clean = s.fillna(method=\"ffill\").dropna()\n",
    "        elif dropna_strategy == \"bfill\":\n",
    "            s_clean = s.fillna(method=\"bfill\").dropna()\n",
    "        elif dropna_strategy == \"interpolate\":\n",
    "            s_clean = s.interpolate().dropna()\n",
    "        else:\n",
    "            s_clean = s.dropna()\n",
    "\n",
    "        if len(s_clean) < 5:\n",
    "            raise ValueError(f\"Column {col} has too few non-NA samples after cleaning ({len(s_clean)}).\")\n",
    "\n",
    "        # Compute ACF and PACF using statsmodels\n",
    "        # _acf returns (acf_vals, confint) if alpha provided; set fft param for performance\n",
    "        acf_vals, acf_ci = _acf(s_clean, nlags=nlags, alpha=alpha, fft=acf_fft)\n",
    "        # pacf: statsmodels.pacf returns pacf array; conf int is not always returned by pacf function,\n",
